1010100101010000
1001000100000100
1010100101010011
1001000100000001
1010100101001111
1001000100000010
1010100101010001
1001000111010111
1010100101001101
1001000110010001
1010100101001110
1010100101010001
1001000100000011
1010100101010010
1010000001010011
1010000101010000
1111000000000001
0111100000011100
1010000101001111
1111000000000001
0111100000100111
1010000101010001
1111000000000001
0111100000110100
1010000101010010
1111000000000001
0111100001000001
1111100001001100
1010000001001101
1010000101001110
1010001001010100
1010001101010101
1101000000001010
1101100000001011
1010101101010101
1010101001010100
1010101101001110
1010101001001101
1111100001001100
1010000001001101
1010000101001110
1010001001010100
1010001101010101
1101000000001010
1110100000000000
1110100000001001
1101100000001011
1010101101010101
1010101001010100
1010101101001110
1010101001001101
1111100001001100
1010000001001101
1010000101001110
1010001001010100
1010001101010101
1101100000001010
1110100000000000
1110100000001001
1101000000001011
1010101101010101
1010101001010100
1010101101001110
1010101001001101
1111100001001100
1010000001001101
1010000101001110
1010001001010100
1010001101010101
1101100000001010
1101000000001011
1010101101010101
1010101001010100
1010101101001110
1010101001001101
1111100001001100
0101000000000000
